4.302208848226818927e-01
1.391854216473894068e+00
1.128956360454360652e+00
1.857148154882732660e+00
5.395876719240272124e+00
3.300274184359568430e+00
2.014584713547199701e+00
2.322479972984071495e+00
2.899570174203727202e+00
2.082659851773727588e+00
1.922258028637496174e+00
4.015738923316735765e+00
1.510494497635547262e+01
3.808946948966700941e+00
4.857305834479973328e+00
6.330040009760341313e+00
1.328858578659441037e+01
5.063167568291943255e+00
4.522315336082665560e+00
7.484176861366700351e+00
1.331434717035483040e+01
5.473398911103953601e+00
5.079671497200996200e+00
5.314538815238814884e+00
3.907164073462272569e+00
4.813403323172421366e+00
4.219501868721040161e+00
1.734861964752619778e+00
2.744953183996795332e+00
4.795639534046364005e+00
7.241768784370030687e+00
6.181398454625400163e+00
4.150990857248073596e+00
2.458352973203194836e+01
8.053619334581476608e+00
5.899781208596926341e+00
5.367466726650905073e+00
3.857789289349589978e+00
4.442192086237539250e+00
5.008558351865794123e+00
4.218081052541064579e+00
1.450628155253672613e+00
2.050309477559250748e+00
2.293446378668104302e+00
2.637194158850298731e+00
2.840209282523327605e+00
2.106426003484322074e+00
2.071529153444587656e+00
1.930348253690840510e+00
1.960323734493297110e+00
1.382488890539711468e+00
