1.700000000000000122e-01
1.900000000000000022e-01
2.099999999999999922e-01
2.300000000000000100e-01
2.500000000000000000e-01
2.700000000000000178e-01
3.099999999999999978e-01
3.400000000000000244e-01
3.599999999999999867e-01
3.900000000000000133e-01
4.099999999999999756e-01
4.400000000000000022e-01
4.699999999999999734e-01
5.000000000000000000e-01
5.300000000000000266e-01
5.600000000000000533e-01
5.899999999999999689e-01
6.199999999999999956e-01
6.600000000000000311e-01
6.999999999999999556e-01
7.299999999999999822e-01
7.700000000000000178e-01
8.199999999999999512e-01
8.599999999999999867e-01
9.100000000000000311e-01
9.599999999999999645e-01
1.000000000000000000e+00
1.010000000000000009e+00
1.060000000000000053e+00
1.120000000000000107e+00
1.179999999999999938e+00
1.250000000000000000e+00
1.320000000000000062e+00
1.399999999999999911e+00
1.479999999999999982e+00
1.570000000000000062e+00
1.669999999999999929e+00
1.780000000000000027e+00
1.899999999999999911e+00
2.000000000000000000e+00
2.029999999999999805e+00
2.169999999999999929e+00
2.330000000000000071e+00
2.729999999999999982e+00
2.979999999999999982e+00
3.270000000000000018e+00
3.609999999999999876e+00
4.000000000000000000e+00
4.040000000000000036e+00
4.580000000000000071e+00
