9.271588918172761484e-02
5.191225507250708526e-01
4.087937965994055678e-01
1.769530264622731219e-01
1.794535021021649301e+00
1.113544504355140630e+00
6.617607086337243816e-01
4.685953558173306943e-01
1.118933777736109469e+00
7.256146856262685185e-01
6.460090870276089525e-01
1.144498996095881127e+00
7.107684385901994695e+00
5.327252044541416209e-01
4.139173529324758904e-01
1.502222268930792470e+00
3.055999718807106635e+00
1.019156975842245849e+00
1.456804540132461856e+00
1.364747645890574290e+00
3.164029762587157180e+00
1.434813125641214215e+00
3.016302202957893419e-01
5.189125154729116174e-01
7.888040900159338786e-01
8.505462057955677224e-01
2.642308482048664420e+00
6.572950868329735519e-01
9.342962178084178726e-01
2.006995756034677836e+00
1.246029820900032670e+00
1.963574895381823060e+00
1.875850219352195314e+00
8.910217532822580111e+00
2.771903419644722977e+00
1.764564556833730258e+00
1.737352119759689950e+00
1.094960613966064145e+00
5.511577427541763941e-01
6.660203253812980728e-01
5.475719256228316345e-01
8.280600111149754028e-01
1.636253983578640492e+00
2.077579764518779459e+00
2.038178830107021611e+00
2.271859062050773481e+00
1.877998139773614961e+00
1.973527938093097234e+00
1.886282453267555947e+00
1.810471347478234128e+00
1.084558713181203782e+00
