model output time z halo
GM2 3712 12.51 0.10 1
GM2 3584 12.08 0.13 1
GM2 3456 11.65 0.17 1
GM2 3328 11.22 0.21 1
GM2 3200 10.79 0.25 1
GM2 3195 10.77 0.25 1
GM2 3072 10.35 0.29 1
GM2 2944 9.92 0.34 1
GM2 2816 9.49 0.39 1
GM2 2688 9.06 0.44 1
GM2 2560 8.63 0.50 1
GM2 2554 8.61 0.50 1
GM2 2432 8.20 0.56 1
GM2 2304 7.77 0.62 1
GM2 2176 7.34 0.70 1
GM2 2048 6.91 0.77 1
GM2 1920 6.48 0.86 1
GM2 1792 6.05 0.96 1
GM2 1739 5.87 1.00 1
GM2 1664 5.62 1.06 1
GM2 1536 5.19 1.18 1
GM2 1408 4.76 1.32 1
GM2 1280 4.32 1.48 1
GM2 1152 3.89 1.67 1
GM2 1024 3.46 1.90 1
GM2 972 3.29 2.00 1
GM2 896 3.03 2.17 2
GM2 768 2.60 2.52 1
GM2 640 2.17 2.98 1
GM2 635 2.15 3.00 1
GM2 512 1.74 3.61 1
GM2 454 1.55 4.00 2
GM2 384 1.31 4.58 2
GM2 345 1.18 4.99 2
GM2 273 0.94 5.99 2
GM2 256 0.88 6.29 2
GM2 223 0.77 6.98 2
GM2 186 0.64 7.98 2
GM2noBHs 3712 12.51 0.10 1
GM2noBHs 3584 12.08 0.13 1
GM2noBHs 3456 11.65 0.17 1
GM2noBHs 3328 11.22 0.21 1
GM2noBHs 3200 10.79 0.25 1
GM2noBHs 3195 10.77 0.25 1
GM2noBHs 3072 10.35 0.29 1
GM2noBHs 2944 9.92 0.34 1
GM2noBHs 2816 9.49 0.39 1
GM2noBHs 2688 9.06 0.44 1
GM2noBHs 2560 8.63 0.50 1
GM2noBHs 2554 8.61 0.50 1
GM2noBHs 2432 8.20 0.56 1
GM2noBHs 2304 7.77 0.62 1
GM2noBHs 2176 7.34 0.70 1
GM2noBHs 2048 6.91 0.77 1
GM2noBHs 1920 6.48 0.86 1
GM2noBHs 1792 6.05 0.96 1
GM2noBHs 1739 5.87 1.00 1
GM2noBHs 1664 5.62 1.06 1
GM2noBHs 1536 5.19 1.18 1
GM2noBHs 1408 4.76 1.32 1
GM2noBHs 1280 4.32 1.48 1
GM2noBHs 1152 3.89 1.67 1
GM2noBHs 1024 3.46 1.90 1
GM2noBHs 972 3.29 2.00 1
GM2noBHs 896 3.03 2.17 1
GM2noBHs 768 2.60 2.52 2
GM2noBHs 640 2.17 2.98 2
GM2noBHs 635 2.15 3.00 2
GM2noBHs 512 1.74 3.61 2
GM2noBHs 454 1.55 4.00 1
GM2noBHs 384 1.31 4.58 1
GM2noBHs 345 1.18 4.99 1
GM2noBHs 273 0.94 5.99 1
GM2noBHs 256 0.88 6.29 1
GM2noBHs 223 0.77 6.98 1
GM2SI1 3952 13.32 0.03 1
GM2SI1 3936 13.26 0.04 1
GM2SI1 3920 13.21 0.04 1
GM2SI1 3904 13.15 0.05 1
GM2SI1 3888 13.10 0.05 1
GM2SI1 3872 13.05 0.05 1
GM2SI1 3856 12.99 0.06 1
GM2SI1 3840 12.94 0.06 1
GM2SI1 3824 12.89 0.07 1
GM2SI1 3808 12.83 0.07 1
GM2SI1 3792 12.78 0.07 1
GM2SI1 3776 12.72 0.08 1
GM2SI1 3760 12.67 0.08 1
GM2SI1 3744 12.62 0.09 1
GM2SI1 3728 12.56 0.09 1
GM2SI1 3712 12.51 0.10 1
GM2SI1 3696 12.45 0.10 1
GM2SI1 3680 12.40 0.10 1
GM2SI1 3664 12.35 0.11 1
GM2SI1 3648 12.29 0.11 1
GM2SI1 3632 12.24 0.12 1
GM2SI1 3616 12.19 0.12 1
GM2SI1 3600 12.13 0.13 1
GM2SI1 3584 12.08 0.13 1
GM2SI1 3568 12.02 0.14 1
GM2SI1 3552 11.97 0.14 1
GM2SI1 3536 11.92 0.14 1
GM2SI1 3520 11.86 0.15 1
GM2SI1 3504 11.81 0.15 1
GM2SI1 3488 11.75 0.16 1
GM2SI1 3472 11.70 0.16 1
GM2SI1 3456 11.65 0.17 1
GM2SI1 3440 11.59 0.17 1
GM2SI1 3424 11.54 0.18 1
GM2SI1 3408 11.49 0.18 1
GM2SI1 3392 11.43 0.19 1
GM2SI1 3376 11.38 0.19 1
GM2SI1 3360 11.32 0.20 1
GM2SI1 3344 11.27 0.20 1
GM2SI1 3328 11.22 0.21 1
GM2SI1 3312 11.16 0.21 1
GM2SI1 3296 11.11 0.22 1
GM2SI1 3280 11.05 0.22 1
GM2SI1 3264 11.00 0.23 1
GM2SI1 3248 10.95 0.23 1
GM2SI1 3232 10.89 0.24 1
GM2SI1 3216 10.84 0.24 1
GM2SI1 3200 10.79 0.25 1
GM2SI1 3195 10.77 0.25 1
GM2SI1 3184 10.73 0.25 1
GM2SI1 3168 10.68 0.26 1
GM2SI1 3152 10.62 0.26 1
GM2SI1 3136 10.57 0.27 1
GM2SI1 3120 10.52 0.28 1
GM2SI1 3104 10.46 0.28 1
GM2SI1 3088 10.41 0.29 1
GM2SI1 3072 10.35 0.29 1
GM2SI1 3056 10.30 0.30 1
GM2SI1 3040 10.25 0.30 1
GM2SI1 3024 10.19 0.31 1
GM2SI1 3008 10.14 0.31 1
GM2SI1 2992 10.09 0.32 1
GM2SI1 2976 10.03 0.33 1
GM2SI1 2960 9.98 0.33 1
GM2SI1 2944 9.92 0.34 1
GM2SI1 2928 9.87 0.34 1
GM2SI1 2912 9.82 0.35 1
GM2SI1 2896 9.76 0.36 1
GM2SI1 2880 9.71 0.36 1
GM2SI1 2864 9.65 0.37 1
GM2SI1 2848 9.60 0.37 1
GM2SI1 2832 9.55 0.38 1
GM2SI1 2816 9.49 0.39 1
GM2SI1 2800 9.44 0.39 1
GM2SI1 2784 9.39 0.40 1
GM2SI1 2768 9.33 0.41 1
GM2SI1 2752 9.28 0.41 1
GM2SI1 2736 9.22 0.42 1
GM2SI1 2720 9.17 0.43 1
GM2SI1 2704 9.12 0.43 1
GM2SI1 2688 9.06 0.44 1
GM2SI1 2672 9.01 0.45 1
GM2SI1 2656 8.96 0.45 1
GM2SI1 2640 8.90 0.46 1
GM2SI1 2624 8.85 0.47 1
GM2SI1 2608 8.79 0.48 1
GM2SI1 2592 8.74 0.48 1
GM2SI1 2576 8.69 0.49 1
GM2SI1 2560 8.63 0.50 1
GM2SI1 2554 8.61 0.50 1
GM2SI1 2544 8.58 0.50 1
GM2SI1 2528 8.52 0.51 1
GM2SI1 2512 8.47 0.52 1
GM2SI1 2496 8.42 0.53 1
GM2SI1 2480 8.36 0.53 1
GM2SI1 2464 8.31 0.54 1
GM2SI1 2448 8.26 0.55 1
GM2SI1 2432 8.20 0.56 1
GM2SI1 2416 8.15 0.57 1
GM2SI1 2400 8.09 0.57 1
GM3noBHs 3840 12.94 0.06 1
GM3noBHs 3712 12.51 0.10 1
GM3noBHs 3584 12.08 0.13 1
GM3noBHs 3456 11.65 0.17 1
GM3noBHs 3328 11.22 0.21 1
GM3noBHs 3200 10.79 0.25 1
GM3noBHs 3195 10.77 0.25 1
GM3noBHs 3072 10.35 0.29 1
GM3noBHs 2944 9.92 0.34 1
GM3noBHs 2816 9.49 0.39 1
GM3noBHs 2688 9.06 0.44 1
GM3noBHs 2560 8.63 0.50 1
GM3noBHs 2554 8.61 0.50 1
GM3noBHs 2432 8.20 0.56 1
GM3noBHs 2304 7.77 0.62 1
GM3noBHs 2176 7.34 0.70 1
GM3noBHs 2048 6.91 0.77 1
GM3noBHs 1920 6.48 0.86 1
GM3noBHs 1792 6.05 0.96 1
GM3noBHs 1739 5.87 1.00 1
GM3noBHs 1664 5.62 1.06 1
GM3noBHs 1536 5.19 1.18 1
GM3noBHs 1408 4.76 1.32 1
GM3noBHs 1280 4.32 1.48 1
GM3noBHs 1152 3.89 1.67 1
GM3noBHs 1024 3.46 1.90 1
GM3noBHs 972 3.29 2.00 1
GM3noBHs 896 3.03 2.17 1
GM3noBHs 768 2.60 2.52 2
GM3noBHs 640 2.17 2.98 1
GM3noBHs 635 2.15 3.00 1
GM3noBHs 512 1.74 3.61 2
GM3noBHs 454 1.55 4.00 1
GM3noBHs 384 1.31 4.58 1
GM3noBHs 345 1.18 4.99 1
GM3noBHs 273 0.94 5.99 1
GM3noBHs 256 0.88 6.29 1
GM3noBHs 223 0.77 6.98 1
GM3noBHs 186 0.64 7.98 1
GM3SI1 3712 12.51 0.10 1
GM3SI1 3584 12.08 0.13 1
GM3SI1 3456 11.65 0.17 1
GM3SI1 3328 11.22 0.21 1
GM3SI1 3200 10.79 0.25 1
GM3SI1 3195 10.77 0.25 1
GM3SI1 3072 10.35 0.29 1
GM3SI1 2944 9.92 0.34 1
GM3SI1 2816 9.49 0.39 1
GM3SI1 2688 9.06 0.44 1
GM3SI1 2560 8.63 0.50 1
GM3SI1 2554 8.61 0.50 1
GM3SI1 2432 8.20 0.56 1
GM3SI1 2304 7.77 0.62 1
GM3SI1 2176 7.34 0.70 1
GM3SI1 2048 6.91 0.77 1
GM3SI1 1920 6.48 0.86 1
GM3SI1 1792 6.05 0.96 1
GM3SI1 1739 5.87 1.00 1
GM3SI1 1664 5.62 1.06 1
GM3SI1 1536 5.19 1.18 1
GM3SI1 1408 4.76 1.32 1
GM3SI1 1280 4.32 1.48 1
GM3SI1 1152 3.89 1.67 1
GM3SI1 1024 3.46 1.90 1
P0 3456 11.65 0.17 1
P0 3195 10.77 0.25 1
P0 3072 10.35 0.29 1
P0 2688 9.06 0.44 1
P0 2554 8.61 0.50 1
P0 2304 7.77 0.62 1
P0 1920 6.48 0.86 1
P0 1739 5.87 1.00 1
P0 1536 5.19 1.18 1
P0 1152 3.89 1.67 1
P0 972 3.29 2.00 1
P0 768 2.60 2.52 2
P0 635 2.15 3.00 2
P0 454 1.55 4.00 2
P0 384 1.31 4.58 2
P0 345 1.18 4.99 1
P0 273 0.94 5.99 1
P0 223 0.77 6.98 1
P0 186 0.64 7.98 1
P0noBHs 3712 12.51 0.10 1
P0noBHs 3584 12.08 0.13 1
P0noBHs 3456 11.65 0.17 1
P0noBHs 3328 11.22 0.21 1
P0noBHs 3200 10.79 0.25 1
P0noBHs 3195 10.77 0.25 1
P0noBHs 3072 10.35 0.29 1
P0noBHs 2944 9.92 0.34 1
P0noBHs 2816 9.49 0.39 1
P0noBHs 2688 9.06 0.44 1
P0noBHs 2560 8.63 0.50 1
P0noBHs 2554 8.61 0.50 1
P0noBHs 2432 8.20 0.56 1
P0noBHs 2304 7.77 0.62 1
P0noBHs 2176 7.34 0.70 1
P0noBHs 2048 6.91 0.77 1
P0noBHs 1920 6.48 0.86 1
P0noBHs 1792 6.05 0.96 1
P0noBHs 1739 5.87 1.00 1
P0noBHs 1664 5.62 1.06 1
P0noBHs 1536 5.19 1.18 1
P0noBHs 1408 4.76 1.32 1
P0noBHs 1280 4.32 1.48 1
P0noBHs 1152 3.89 1.67 1
P0noBHs 1024 3.46 1.90 1
P0noBHs 972 3.29 2.00 1
P0noBHs 896 3.03 2.17 1
P0noBHs 768 2.60 2.52 2
P0noBHs 640 2.17 2.98 2
P0noBHs 635 2.15 3.00 2
P0noBHs 512 1.74 3.61 2
P0noBHs 454 1.55 4.00 2
P0noBHs 384 1.31 4.58 2
P0noBHs 345 1.18 4.99 1
P0noBHs 273 0.94 5.99 1
P0noBHs 256 0.88 6.29 1
P0noBHs 223 0.77 6.98 1
P0noBHs 186 0.64 7.98 1
GM1 3776 12.72 0.08 1
GM1 3712 12.51 0.10 1
GM1 3648 12.29 0.11 1
GM1 3584 12.08 0.13 1
GM1 3520 11.86 0.15 1
GM1 3456 11.65 0.17 1
GM1 3392 11.43 0.19 1
GM1 3328 11.22 0.21 1
GM1 3264 11.00 0.23 1
GM1 3200 10.79 0.25 1
GM1 3136 10.57 0.27 1
GM1 3008 10.14 0.31 1
GM1 2944 9.92 0.34 1
GM1 2880 9.71 0.36 1
GM1 2816 9.49 0.39 1
GM1 2752 9.28 0.41 1
GM1 2688 9.06 0.44 1
GM1 2624 8.85 0.47 1
GM1 2560 8.63 0.50 1
GM1 2554 8.61 0.50 1
GM1 2496 8.42 0.53 1
GM1 2432 8.20 0.56 1
GM1 2368 7.99 0.59 1
GM1 2304 7.77 0.62 1
GM1 2240 7.56 0.66 1
GM1 2176 7.34 0.70 1
GM1 2112 7.12 0.73 1
GM1 2048 6.91 0.77 1
GM1 1984 6.69 0.82 1
GM1 1920 6.48 0.86 1
GM1 1856 6.26 0.91 1
GM1 1792 6.05 0.96 1
GM1 1739 5.87 1.00 1
GM1 1728 5.83 1.01 1
GM1 1664 5.62 1.06 1
GM1 1600 5.40 1.12 1
GM1 1536 5.19 1.18 1
GM1 1472 4.97 1.25 1
GM1 1408 4.76 1.32 1
GM1 1344 4.54 1.40 1
GM1 1280 4.32 1.48 1
GM1 1216 4.11 1.57 1
GM1 1152 3.89 1.67 1
GM1 1088 3.68 1.78 1
GM1 1024 3.46 1.90 1
GM1 972 3.29 2.00 2
GM1 960 3.25 2.03 2
GM1 896 3.03 2.17 2
GM1 832 2.82 2.33 2
GM1 704 2.39 2.73 1
GM1 640 2.17 2.98 1
GM1 576 1.96 3.27 1
GM1 512 1.74 3.61 1
GM1 454 1.55 4.00 1
GM1 448 1.52 4.04 1
GM1 384 1.31 4.58 1
GM1 320 1.09 5.30 2
GM1 273 0.94 5.99 2
GM1 256 0.88 6.29 2
GM1 192 0.66 7.80 2
GM1 186 0.64 7.98 2
GM1noBHs 3712 12.51 0.10 1
GM1noBHs 3584 12.08 0.13 1
GM1noBHs 3456 11.65 0.17 1
GM1noBHs 3328 11.22 0.21 1
GM1noBHs 3200 10.79 0.25 1
GM1noBHs 3195 10.77 0.25 1
GM1noBHs 3072 10.35 0.29 1
GM1noBHs 2944 9.92 0.34 1
GM1noBHs 2816 9.49 0.39 1
GM1noBHs 2688 9.06 0.44 1
GM1noBHs 2560 8.63 0.50 1
GM1noBHs 2554 8.61 0.50 1
GM1noBHs 2432 8.20 0.56 1
GM1noBHs 2304 7.77 0.62 1
GM1noBHs 2176 7.34 0.70 1
GM1noBHs 2048 6.91 0.77 1
GM1noBHs 1920 6.48 0.86 1
GM1noBHs 1792 6.05 0.96 1
GM1noBHs 1739 5.87 1.00 1
GM1noBHs 1664 5.62 1.06 1
